shape_id,shape_pt_lat,shape_pt_lon,shape_pt_sequence
shape_manual-1770916792369,19.4482368,-99.1519586,1
shape_manual-1770916792369,19.4523191,-99.1512764,2
shape_manual-1770916792369,19.4549074,-99.1521092,3
shape_manual-1770916792369,19.455847511109376,-99.15245825655772,4
shape_manual-1770916792369,19.45728439515954,-99.15342409540908,5
shape_manual-1770916792369,19.46562211892052,-99.15977716874251,6
shape_manual-1770916792369,19.4676281,-99.1613283,7
shape_manual-1770916792369,19.4694682,-99.1622009,8
shape_manual-1770916792369,19.472785742945366,-99.16364052414795,9
shape_manual-1770916792369,19.4851553,-99.1684515,10
shape_manual-1770916792369,19.4909916,-99.1707288,11
shape_manual-1770916792369,19.493576643891224,-99.17174938588963,12
shape_manual-1770916792369,19.49918104476099,-99.17385266000771,13
shape_manual-1770916792369,19.50130426525392,-99.17472666225677,14
shape_manual-1770916792369,19.504153,-99.1759644,15
shape_manual-1770916792369,19.50553277070874,-99.17641403969373,16
shape_manual-1770916792369,19.506801283675266,-99.17678399371309,17
shape_manual-1770916792369,19.508950312380165,-99.17735266397861,18
shape_manual-1770916792369,19.51086117820732,-99.17780584903278,19
shape_manual-1770916792369,19.5143923,-99.1782492,20
shape_manual-1770916792369,19.5178446,-99.1786023,21
shape_manual-1770916792369,19.521126432565353,-99.17865354888451,22
shape_manual-1770916792369,19.523491538946857,-99.17908266984608,23
shape_manual-1770916792369,19.52503908360426,-99.17957632081455,24
shape_manual-1770916792369,19.5263672,-99.1801142,25
shape_manual-1770916792369,19.52987269286301,-99.18174346449656,26
shape_manual-1770916792369,19.532632452522762,-99.1829449019572,27
shape_manual-1770916792369,19.536282899842302,-99.18392133160121,28
shape_manual-1770916792369,19.53896183193734,-99.1844469525392,29
shape_manual-1770916792369,19.5432517,-99.185605,30
shape_manual-1770916792369,19.54759697522023,-99.1866895012278,31
shape_manual-1770916792369,19.55350134725257,-99.1882023347805,32
shape_manual-1770916792369,19.554532853586032,-99.18859940186385,33
shape_manual-1770916792369,19.5553565,-99.1892251,34
shape_manual-1770916792369,19.5563124,-99.1901869,35
shape_manual-1770916792369,19.5576749,-99.1919279,36
shape_manual-1770916792369,19.56018579566953,-99.19393297863193,37
shape_manual-1770916792369,19.5614683165675,-99.19456426795061,38
shape_manual-1770916792369,19.5629157,-99.1948411,39
shape_manual-1770916792369,19.57117232683364,-99.19666191645089,40
shape_manual-1770916792369,19.575630662011008,-99.19764360495034,41
shape_manual-1770916792369,19.5767736,-99.197653,42
shape_manual-1770916792369,19.5783202,-99.1972263,43
shape_manual-1770916792369,19.5799233,-99.1960274,44
shape_manual-1770916792369,19.580937066023296,-99.1948859205538,45
shape_manual-1770916792369,19.58407087910252,-99.19216052010789,46
shape_manual-1770916792369,19.586608291972336,-99.19034724937138,47
shape_manual-1770916792369,19.590136147262054,-99.18733215681821,48
shape_manual-1770916792369,19.5912169,-99.1865766,49
shape_manual-1770916792369,19.5921993,-99.1861074,50
shape_manual-1770916792369,19.5933604125173,-99.18577666776766,51
shape_manual-1770916792369,19.594229087815034,-99.18568021921918,52
shape_manual-1770916792369,19.600506289291605,-99.18609871690728,53
shape_manual-1770916792369,19.606126347394383,-99.18638346549358,54
shape_manual-1770916792369,19.609699055666216,-99.18566998842206,55
shape_manual-1770916792369,19.612139986374952,-99.18502090196063,56
shape_manual-1770916792369,19.612675417270587,-99.18476342207552,57
shape_manual-1770916792369,19.613049292722348,-99.18442540554487,58
shape_manual-1770916792369,19.614584631802796,-99.18271866528366,59
shape_manual-1770916792369,19.618182895548046,-99.17855590666662,60
shape_manual-1770916792369,19.6208109,-99.1756842,61
shape_manual-1770916792369,19.6246711831615,-99.1710663887309,62
shape_manual-1770916792369,19.628678100562603,-99.16647077535369,63
shape_manual-1770916792369,19.63421574497926,-99.16014075279236,64
shape_manual-1770916792369,19.6397129,-99.1538137,65
shape_manual-1770916792369,19.646567703299848,-99.14584826498634,66
shape_manual-1770916792369,19.6571906,-99.1337736,67
shape_manual-1770916792369,19.6650952,-99.1245462,68
shape_manual-1770916792369,19.674554186433916,-99.11370486703667,69
shape_manual-1770916792369,19.682049936874282,-99.10499296012736,70
shape_manual-1770916792369,19.7014001,-99.0829273,71
shape_manual-1770916792369,19.702652565618266,-99.08148226550766,72
shape_manual-1770916792369,19.71490950489735,-99.06740048276824,73
shape_manual-1770916792369,19.72589266211394,-99.05490160529753,74
shape_manual-1770916792369,19.726912708897252,-99.05372681128263,75
shape_manual-1770916792369,19.72736210411441,-99.05311525950707,76
shape_manual-1770916792369,19.72772449262506,-99.05242134945442,77
shape_manual-1770916792369,19.727983209146046,-99.05155956880485,78
shape_manual-1770916792369,19.728088159568408,-99.05068283952195,79
shape_manual-1770916792369,19.72850528705714,-99.04278221904283,80
shape_manual-1770916792369,19.72892241454587,-99.03488159856371,81
shape_manual-1770916792369,19.728983004762913,-99.0344470807033,82
shape_manual-1770916792369,19.729043589478753,-99.03416275436743,83
shape_manual-1770916792369,19.72915469266949,-99.03394818441306,84
shape_manual-1770916792369,19.7358954,-99.0253895,85
shape_manual-1770916792369_rev,19.7358954,-99.0253895,1
shape_manual-1770916792369_rev,19.72915469266949,-99.03394818441306,2
shape_manual-1770916792369_rev,19.729043589478753,-99.03416275436743,3
shape_manual-1770916792369_rev,19.728983004762913,-99.0344470807033,4
shape_manual-1770916792369_rev,19.72892241454587,-99.03488159856371,5
shape_manual-1770916792369_rev,19.72850528705714,-99.04278221904283,6
shape_manual-1770916792369_rev,19.728088159568408,-99.05068283952195,7
shape_manual-1770916792369_rev,19.727983209146046,-99.05155956880485,8
shape_manual-1770916792369_rev,19.72772449262506,-99.05242134945442,9
shape_manual-1770916792369_rev,19.72736210411441,-99.05311525950707,10
shape_manual-1770916792369_rev,19.726912708897252,-99.05372681128263,11
shape_manual-1770916792369_rev,19.72589266211394,-99.05490160529753,12
shape_manual-1770916792369_rev,19.71490950489735,-99.06740048276824,13
shape_manual-1770916792369_rev,19.702652565618266,-99.08148226550766,14
shape_manual-1770916792369_rev,19.7014001,-99.0829273,15
shape_manual-1770916792369_rev,19.682049936874282,-99.10499296012736,16
shape_manual-1770916792369_rev,19.674554186433916,-99.11370486703667,17
shape_manual-1770916792369_rev,19.6650952,-99.1245462,18
shape_manual-1770916792369_rev,19.6571906,-99.1337736,19
shape_manual-1770916792369_rev,19.646567703299848,-99.14584826498634,20
shape_manual-1770916792369_rev,19.6397129,-99.1538137,21
shape_manual-1770916792369_rev,19.63421574497926,-99.16014075279236,22
shape_manual-1770916792369_rev,19.628678100562603,-99.16647077535369,23
shape_manual-1770916792369_rev,19.6246711831615,-99.1710663887309,24
shape_manual-1770916792369_rev,19.6208109,-99.1756842,25
shape_manual-1770916792369_rev,19.618182895548046,-99.17855590666662,26
shape_manual-1770916792369_rev,19.614584631802796,-99.18271866528366,27
shape_manual-1770916792369_rev,19.613049292722348,-99.18442540554487,28
shape_manual-1770916792369_rev,19.612675417270587,-99.18476342207552,29
shape_manual-1770916792369_rev,19.612139986374952,-99.18502090196063,30
shape_manual-1770916792369_rev,19.609699055666216,-99.18566998842206,31
shape_manual-1770916792369_rev,19.606126347394383,-99.18638346549358,32
shape_manual-1770916792369_rev,19.600506289291605,-99.18609871690728,33
shape_manual-1770916792369_rev,19.594229087815034,-99.18568021921918,34
shape_manual-1770916792369_rev,19.5933604125173,-99.18577666776766,35
shape_manual-1770916792369_rev,19.5921993,-99.1861074,36
shape_manual-1770916792369_rev,19.5912169,-99.1865766,37
shape_manual-1770916792369_rev,19.590136147262054,-99.18733215681821,38
shape_manual-1770916792369_rev,19.586608291972336,-99.19034724937138,39
shape_manual-1770916792369_rev,19.58407087910252,-99.19216052010789,40
shape_manual-1770916792369_rev,19.580937066023296,-99.1948859205538,41
shape_manual-1770916792369_rev,19.5799233,-99.1960274,42
shape_manual-1770916792369_rev,19.5783202,-99.1972263,43
shape_manual-1770916792369_rev,19.5767736,-99.197653,44
shape_manual-1770916792369_rev,19.575630662011008,-99.19764360495034,45
shape_manual-1770916792369_rev,19.57117232683364,-99.19666191645089,46
shape_manual-1770916792369_rev,19.5629157,-99.1948411,47
shape_manual-1770916792369_rev,19.5614683165675,-99.19456426795061,48
shape_manual-1770916792369_rev,19.56018579566953,-99.19393297863193,49
shape_manual-1770916792369_rev,19.5576749,-99.1919279,50
shape_manual-1770916792369_rev,19.5563124,-99.1901869,51
shape_manual-1770916792369_rev,19.5553565,-99.1892251,52
shape_manual-1770916792369_rev,19.554532853586032,-99.18859940186385,53
shape_manual-1770916792369_rev,19.55350134725257,-99.1882023347805,54
shape_manual-1770916792369_rev,19.54759697522023,-99.1866895012278,55
shape_manual-1770916792369_rev,19.5432517,-99.185605,56
shape_manual-1770916792369_rev,19.53896183193734,-99.1844469525392,57
shape_manual-1770916792369_rev,19.536282899842302,-99.18392133160121,58
shape_manual-1770916792369_rev,19.532632452522762,-99.1829449019572,59
shape_manual-1770916792369_rev,19.52987269286301,-99.18174346449656,60
shape_manual-1770916792369_rev,19.5263672,-99.1801142,61
shape_manual-1770916792369_rev,19.52503908360426,-99.17957632081455,62
shape_manual-1770916792369_rev,19.523491538946857,-99.17908266984608,63
shape_manual-1770916792369_rev,19.521126432565353,-99.17865354888451,64
shape_manual-1770916792369_rev,19.5178446,-99.1786023,65
shape_manual-1770916792369_rev,19.5143923,-99.1782492,66
shape_manual-1770916792369_rev,19.51086117820732,-99.17780584903278,67
shape_manual-1770916792369_rev,19.508950312380165,-99.17735266397861,68
shape_manual-1770916792369_rev,19.506801283675266,-99.17678399371309,69
shape_manual-1770916792369_rev,19.50553277070874,-99.17641403969373,70
shape_manual-1770916792369_rev,19.504153,-99.1759644,71
shape_manual-1770916792369_rev,19.50130426525392,-99.17472666225677,72
shape_manual-1770916792369_rev,19.49918104476099,-99.17385266000771,73
shape_manual-1770916792369_rev,19.493576643891224,-99.17174938588963,74
shape_manual-1770916792369_rev,19.4909916,-99.1707288,75
shape_manual-1770916792369_rev,19.4851553,-99.1684515,76
shape_manual-1770916792369_rev,19.472785742945366,-99.16364052414795,77
shape_manual-1770916792369_rev,19.4694682,-99.1622009,78
shape_manual-1770916792369_rev,19.4676281,-99.1613283,79
shape_manual-1770916792369_rev,19.46562211892052,-99.15977716874251,80
shape_manual-1770916792369_rev,19.45728439515954,-99.15342409540908,81
shape_manual-1770916792369_rev,19.455847511109376,-99.15245825655772,82
shape_manual-1770916792369_rev,19.4549074,-99.1521092,83
shape_manual-1770916792369_rev,19.4523191,-99.1512764,84
shape_manual-1770916792369_rev,19.4482368,-99.1519586,85
